,Date,Follower,followedToday,unfollowedToday
0,2021-04-21,25230,30,29
1,2021-04-22,25311,146,64
2,2021-04-23,25413,160,59
3,2021-04-24,25521,161,52
4,2021-04-25,25596,122,47
5,2021-04-26,25684,133,45
6,2021-04-27,25775,121,30
7,2021-04-28,25877,145,43
8,2021-04-29,25911,94,60
9,2021-04-30,26019,148,40
10,2021-05-01,26139,156,36
11,2021-05-02,26320,201,20
12,2021-05-03,26442,161,39
13,2021-05-04,26589,187,41
14,2021-05-05,26584,126,130
15,2021-05-06,26695,155,44
16,2021-05-07,26808,161,48
17,2021-05-08,27121,353,40
18,2021-05-09,27458,387,50
19,2021-05-10,27686,280,52
20,2021-05-11,28001,397,82
21,2021-05-12,28209,258,50
22,2021-05-13,28367,191,33
23,2021-05-14,28484,166,49
24,2021-05-15,28608,159,35
25,2021-05-16,28688,120,40
26,2021-05-17,28801,142,29
27,2021-05-18,28881,110,30
28,2021-05-19,28936,101,46
29,2021-05-20,29016,123,43
30,2021-05-21,29089,122,49
31,2021-05-22,29282,240,47
32,2021-05-23,29462,198,18
33,2021-05-24,29801,390,51
34,2021-05-25,29981,219,39
35,2021-05-26,30209,274,46
36,2021-05-27,30359,200,50
37,2021-05-28,30534,228,54
38,2021-05-29,30646,172,59
39,2021-05-30,30786,176,36
40,2021-05-31,30953,196,29
41,2021-06-01,31071,171,53
42,2021-06-02,31191,166,47
43,2021-06-03,31326,178,42
44,2021-06-04,31435,150,41
45,2021-06-05,31551,155,39
46,2021-06-06,31664,160,48
47,2021-06-07,31724,110,49
48,2021-06-08,31857,186,53
49,2021-06-09,32000,195,52
50,2021-06-10,32065,106,41
51,2021-06-11,32118,109,56
52,2021-06-12,32170,121,69
53,2021-06-13,32259,125,36
54,2021-06-14,32400,190,49
55,2021-06-15,32496,150,54
56,2021-06-16,32567,112,41
57,2021-06-17,32641,115,41
58,2021-06-18,32719,114,36
59,2021-06-19,32803,111,27
60,2021-06-20,32871,97,29
61,2021-06-21,32952,120,39
62,2021-06-22,33025,118,46
63,2021-06-23,34188,1228,64
64,2021-06-24,34145,86,129
65,2021-06-25,34176,100,69
66,2021-06-26,34202,88,62
67,2021-06-27,34245,89,46
68,2021-06-28,34329,140,56
69,2021-06-29,34384,110,55
70,2021-06-30,34398,113,99
71,2021-07-01,34510,168,56
72,2021-07-02,34559,116,67
73,2021-07-03,34588,97,68
74,2021-07-04,34598,45,35
75,2021-07-05,34600,37,35
76,2021-07-06,34627,67,40
77,2021-07-07,34638,48,37
78,2021-07-08,34662,57,34
79,2021-07-09,34673,61,49
80,2021-07-10,34658,32,47
81,2021-07-12,34642,66,82
82,2021-07-13,34658,45,29
83,2021-07-14,34668,60,50
84,2021-07-15,34680,49,37
85,2021-07-16,34678,38,40
86,2021-07-17,34712,71,37
87,2021-07-18,34714,36,34
88,2021-07-19,34720,35,29
89,2021-07-20,34730,53,45
90,2021-07-21,34711,41,58
91,2021-07-22,34720,46,37
92,2021-07-23,34716,23,27
93,2021-07-24,34724,38,30
94,2021-07-25,34743,53,34
95,2021-07-26,34750,33,26
96,2021-07-27,34765,51,36
97,2021-07-28,34772,42,35
98,2021-07-29,34774,29,27
99,2021-07-30,34783,37,28
100,2021-07-31,34789,28,22
101,2021-08-01,34797,39,31
102,2021-08-02,34815,51,33
103,2021-08-04,34861,116,70
104,2021-08-05,34874,59,46
105,2021-08-06,34896,58,36
106,2021-08-07,34908,53,41
107,2021-08-08,34924,54,38
108,2021-08-09,34951,77,50
109,2021-08-10,34970,59,40
110,2021-08-11,35002,74,42
111,2021-08-12,35027,63,38
112,2021-08-13,35053,62,36
113,2021-08-14,35074,48,27
114,2021-08-15,35095,60,39
115,2021-08-16,35132,68,31
116,2021-08-17,35172,61,21
117,2021-08-18,35187,59,44
118,2021-08-19,35200,59,46
119,2021-08-20,35226,64,38
120,2021-08-21,35233,43,36
121,2021-08-22,35275,74,32
122,2021-08-23,35281,55,49
123,2021-08-24,35321,77,37
124,2021-08-25,35378,80,23
125,2021-08-26,35403,68,43
126,2021-08-27,35421,58,40
127,2021-08-28,35469,82,34
128,2021-08-29,35543,99,26
129,2021-08-30,35575,78,45
130,2021-08-31,35612,78,41
131,2021-09-01,35649,74,37
132,2021-09-02,35679,86,56
133,2021-09-03,35697,67,49
134,2021-09-04,35711,66,52
135,2021-09-05,35711,63,63
136,2021-09-06,35771,98,38
137,2021-09-07,35792,91,70
138,2021-09-08,35869,141,64
139,2021-09-09,35900,92,61
140,2021-09-10,35934,108,74
141,2021-09-11,36024,200,110
142,2021-09-12,36016,196,205
143,2021-09-13,36170,191,36
144,2021-09-14,36344,228,54
145,2021-09-15,36360,91,75
146,2021-09-16,36416,96,40
147,2021-09-17,36445,108,79
148,2021-09-18,36514,126,57
149,2021-09-19,36573,98,39
150,2021-09-20,36594,56,35
151,2021-09-21,36642,86,38
152,2021-09-22,36670,94,66
153,2021-09-23,36695,65,40
154,2021-09-24,36724,63,35
155,2021-09-25,36705,59,77
156,2021-09-26,36723,51,35
157,2021-09-27,36754,71,38
158,2021-09-28,36778,82,58
159,2021-09-29,36808,85,55
160,2021-09-30,36855,106,59
161,2021-10-01,36882,71,44
162,2021-10-02,36941,75,16
163,2021-10-03,36935,27,33
164,2021-10-04,36957,54,33
165,2021-10-05,36937,44,63
166,2021-10-06,36961,75,51
167,2021-10-07,36982,71,51
168,2021-10-08,36999,52,34
169,2021-10-09,37029,66,36
170,2021-10-10,37054,59,34
171,2021-10-11,37084,61,31
172,2021-10-12,37088,44,40
173,2021-10-13,37113,71,46
174,2021-10-14,37120,54,47
175,2021-10-15,37129,57,48
176,2021-10-16,37224,125,30
177,2021-10-17,37285,86,25
178,2021-10-18,37336,77,26
179,2021-10-19,37343,76,69
180,2021-10-20,37395,82,30
181,2021-10-21,37438,65,22
182,2021-10-22,37467,51,22
183,2021-10-23,37484,48,31
184,2021-10-24,37497,47,34
185,2021-10-25,37530,64,31
186,2021-10-26,37555,56,31
187,2021-10-27,37549,44,50
188,2021-10-28,37527,60,82
189,2021-10-29,37558,73,42
190,2021-10-30,37579,63,42
191,2021-10-31,37611,67,35
192,2021-11-01,37659,77,29
193,2021-11-02,37697,68,31
194,2021-11-03,37732,77,41
195,2021-11-04,37772,72,32
196,2021-11-05,37830,95,37
197,2021-11-06,37936,151,45
198,2021-11-07,38041,136,32
199,2021-11-08,38170,162,32
200,2021-11-09,38287,151,34
201,2021-11-10,38381,130,36
202,2021-11-11,38477,123,27
203,2021-11-12,38552,113,38
204,2021-11-13,38659,139,33
205,2021-11-14,38727,102,33
206,2021-11-15,38789,91,29
207,2021-11-16,38864,109,34
208,2021-11-17,38901,79,42
209,2021-11-18,38961,98,38
210,2021-11-19,39009,82,34
211,2021-11-20,39043,63,29
212,2021-11-21,39074,70,39
213,2021-11-22,39152,128,52
214,2021-11-23,39212,95,33
215,2021-11-24,39266,98,44
216,2021-11-25,39316,74,24
217,2021-11-26,39358,67,25
218,2021-11-27,39413,71,17
219,2021-11-28,39450,60,22
220,2021-11-29,39506,79,23
221,2021-11-30,39584,102,24
222,2021-12-01,39678,122,28
223,2021-12-02,39995,343,26
224,2021-12-03,40544,613,64
225,2021-12-04,41167,649,28
226,2021-12-05,41482,340,23
227,2021-12-06,41847,401,36
228,2021-12-07,42169,363,41
229,2021-12-08,42390,267,46
230,2021-12-09,42536,205,59
231,2021-12-10,42715,221,42
232,2021-12-11,42823,130,22
233,2021-12-12,42913,114,24
234,2021-12-13,43020,138,31
235,2021-12-14,43093,113,40
236,2021-12-15,43087,149,155
237,2021-12-16,43148,137,76
238,2021-12-17,43274,187,61
239,2021-12-18,43325,81,30
240,2021-12-19,43365,62,22
241,2021-12-20,43383,61,43
242,2021-12-21,43426,92,49
243,2021-12-22,43463,66,29
244,2021-12-23,43463,63,63
245,2021-12-24,43499,59,23
246,2021-12-25,43527,57,29
247,2021-12-26,43560,55,23
248,2021-12-27,43585,60,34
249,2021-12-28,43629,64,21
250,2021-12-29,43746,147,29
251,2021-12-30,43828,115,33
252,2021-12-31,43909,117,36
253,2022-01-01,44006,120,23
254,2022-01-02,44039,66,33
255,2022-01-03,44228,237,48
256,2022-01-04,44414,232,47
257,2022-01-05,44518,152,47
258,2022-01-06,44612,142,48
259,2022-01-07,44677,112,47
260,2022-01-08,44761,125,41
261,2022-01-09,44824,94,31
262,2022-01-10,44872,85,37
263,2022-01-11,44954,121,39
264,2022-01-12,45045,126,35
265,2022-01-13,45103,92,34
266,2022-01-14,45125,60,38
267,2022-01-15,45139,55,41
268,2022-01-16,45163,68,44
269,2022-01-17,45154,71,80
270,2022-01-18,45218,99,35
271,2022-01-19,45214,69,73
272,2022-01-20,45250,100,66
273,2022-01-21,45306,112,54
274,2022-01-22,45337,93,62
275,2022-01-23,45298,49,88
276,2022-01-24,45356,100,42
277,2022-01-25,45397,75,34
278,2022-01-26,45437,63,25
279,2022-01-27,45457,62,40
280,2022-01-28,45494,70,33
281,2022-01-29,45534,67,27
282,2022-01-30,45617,119,36
283,2022-01-31,45659,76,34
284,2022-02-01,45685,54,28
285,2022-02-02,45728,78,35
286,2022-02-03,45741,47,34
287,2022-02-04,45766,55,30
288,2022-02-05,45774,43,36
289,2022-02-06,45810,65,28
290,2022-02-07,45844,74,40
291,2022-02-08,45917,112,39
292,2022-02-09,45963,79,33
293,2022-02-10,45989,65,39
294,2022-02-11,46057,97,29
295,2022-02-12,46091,69,35
296,2022-02-13,46113,52,30
297,2022-02-14,46140,66,42
298,2022-02-15,46282,188,43
299,2022-02-16,46383,141,40
300,2022-02-17,46455,125,53
301,2022-02-18,46492,73,36
302,2022-02-19,46534,69,27
303,2022-02-20,46583,75,26
304,2022-02-21,46652,97,28
305,2022-02-22,46644,66,74
306,2022-02-23,46685,62,22
307,2022-02-24,46706,52,32
308,2022-02-25,46709,44,39
309,2022-02-26,46738,51,22
310,2022-02-27,46772,61,27
311,2022-02-28,46798,57,31
312,2022-03-01,46809,46,35
313,2022-03-02,46830,59,38
314,2022-03-03,46839,61,52
315,2022-03-04,46878,74,35
316,2022-03-05,46887,73,64
317,2022-03-06,46904,68,51
318,2022-03-07,46915,51,40
319,2022-03-08,46949,53,19
320,2022-03-09,46994,71,27
321,2022-03-10,47050,77,21
322,2022-03-11,47084,61,26
323,2022-03-12,47099,40,25
324,2022-03-13,47119,47,27
325,2022-03-14,47144,51,26
326,2022-03-15,47182,63,25
327,2022-03-16,47222,68,28
328,2022-03-17,47247,60,35
329,2022-03-18,47280,58,25
330,2022-03-19,47299,44,25
331,2022-03-20,47380,103,22
332,2022-03-21,47415,61,27
333,2022-03-22,47481,89,22
334,2022-03-23,47540,75,16
335,2022-03-24,47563,54,31
336,2022-03-25,47604,59,20
337,2022-03-26,47647,67,23
338,2022-03-27,47702,85,29
339,2022-03-28,47759,79,22
340,2022-03-29,47799,59,19
341,2022-03-30,47888,120,32
342,2022-03-31,47920,75,42
343,2022-04-01,48031,130,19
344,2022-04-02,48069,70,32
345,2022-04-03,48145,93,17
346,2022-04-04,48196,76,25
347,2022-04-05,48229,73,41
348,2022-04-06,48265,64,27
349,2022-04-07,48311,76,31
350,2022-04-08,48343,65,34
351,2022-04-09,48442,123,22
352,2022-04-10,48472,56,26
353,2022-04-11,48526,87,33
354,2022-04-12,48585,84,25
355,2022-04-13,48649,88,24
356,2022-04-14,48691,64,22
357,2022-04-15,48739,69,21
358,2022-04-16,48778,67,28
359,2022-04-17,48828,69,19
360,2022-04-18,48872,71,27
361,2022-04-19,48898,47,21
362,2022-04-20,49022,147,23
363,2022-04-21,49079,84,27
364,2022-04-22,49108,49,20
365,2022-04-23,49130,54,32
366,2022-04-24,49206,100,24
367,2022-04-25,49240,63,29
368,2022-04-26,49274,67,33
369,2022-04-27,49294,56,36
370,2022-04-28,49319,64,39
371,2022-04-29,49351,56,24
372,2022-04-30,49356,49,44
373,2022-05-01,49379,48,25
374,2022-05-02,49410,60,29
375,2022-05-03,49632,251,29
376,2022-05-04,49737,130,25
377,2022-05-05,49817,103,23
378,2022-05-06,49879,88,26
379,2022-05-07,49910,58,27
380,2022-05-08,49948,64,26
381,2022-05-09,49987,72,36
382,2022-05-10,50017,65,32
383,2022-05-11,50045,50,22
384,2022-05-12,50122,108,32
385,2022-05-13,50174,77,25
386,2022-05-14,50211,64,26
387,2022-05-15,50254,55,13
388,2022-05-16,50286,59,28
389,2022-05-17,50326,83,41
390,2022-05-18,50362,72,36
391,2022-05-19,50385,48,25
392,2022-05-20,50402,54,37
393,2022-05-21,50431,53,24
394,2022-05-22,50447,39,23
395,2022-05-23,50454,40,33
396,2022-05-24,50477,53,30
397,2022-05-25,50492,35,20
398,2022-05-26,50500,29,22
399,2022-05-27,50507,35,27
400,2022-05-28,50499,27,35
401,2022-05-29,50505,31,27
402,2022-05-30,50506,36,33
403,2022-05-31,50444,30,92
404,2022-06-01,50509,93,28
405,2022-06-02,50515,44,38
406,2022-06-03,50561,77,31
407,2022-06-04,50583,54,33
408,2022-06-05,50587,31,26
409,2022-06-06,50603,39,23
410,2022-06-07,50606,39,36
411,2022-06-08,50612,40,34
412,2022-06-09,50631,37,20
413,2022-06-10,50617,34,48
414,2022-06-11,50611,26,30
415,2022-06-12,50620,27,22
416,2022-06-13,50614,29,31
417,2022-06-14,50633,44,25
418,2022-06-15,50656,50,27
419,2022-06-16,50706,101,51
420,2022-06-17,50730,64,42
421,2022-06-18,50722,54,60
422,2022-06-19,50734,49,37
423,2022-06-20,50754,33,13
424,2022-06-21,50762,39,31
425,2022-06-22,50776,33,19
426,2022-06-23,50797,46,25
427,2022-06-24,50814,40,23
428,2022-06-25,50835,38,19
429,2022-06-26,50846,33,20
430,2022-06-27,50860,43,29
431,2022-06-28,50868,30,22
432,2022-06-29,50850,22,40
433,2022-06-30,50877,42,15
434,2022-07-01,50889,30,18
435,2022-07-02,50899,26,16
436,2022-07-03,50899,18,18
437,2022-07-04,50909,57,48
438,2022-07-05,50918,50,40
439,2022-07-06,50930,45,33
440,2022-07-07,50953,74,51
441,2022-07-08,50968,38,23
442,2022-07-09,50969,26,25
443,2022-07-10,50949,32,52
444,2022-07-11,50958,32,23
445,2022-07-12,50957,24,25
446,2022-07-13,50954,27,30
447,2022-07-14,50962,24,16
448,2022-07-15,50970,39,31
449,2022-07-16,50960,12,22
450,2022-07-17,50955,15,20
451,2022-07-18,50950,38,43
452,2022-07-19,50952,27,26
453,2022-07-20,50958,32,25
454,2022-07-21,50964,36,30
455,2022-07-22,50959,21,26
456,2022-07-23,50996,50,13
457,2022-07-24,51021,51,26
458,2022-07-25,51021,35,35
459,2022-07-26,51022,45,44
460,2022-07-27,51032,52,43
461,2022-07-28,51065,58,24
462,2022-07-29,51083,37,19
463,2022-07-30,51106,45,22
464,2022-07-31,51115,25,16
465,2022-08-01,51119,31,27
466,2022-08-02,51131,28,16
467,2022-08-03,51132,23,22
468,2022-08-04,51142,34,24
469,2022-08-05,51237,131,36
470,2022-08-06,53012,1817,42
471,2022-08-07,53852,851,11
472,2022-08-08,54240,451,63
473,2022-08-09,54630,431,41
474,2022-08-10,55187,582,25
475,2022-08-11,55254,96,29
476,2022-08-12,55304,102,52
477,2022-08-13,55271,56,90
478,2022-08-14,55314,76,32
479,2022-08-15,55332,48,30
480,2022-08-16,55353,49,29
481,2022-08-17,55354,35,34
482,2022-08-18,55345,46,54
483,2022-08-19,55376,57,26
484,2022-08-20,55388,39,27
485,2022-08-21,55390,35,33
486,2022-08-23,55430,107,68
487,2022-08-24,55435,52,46
488,2022-08-25,55434,35,39
489,2022-08-26,55456,61,36
490,2022-08-27,55474,62,45
491,2022-08-28,55465,43,51
492,2022-08-29,55491,56,31
493,2022-08-30,55499,35,29
494,2022-08-31,55516,53,33
495,2022-09-01,55549,63,30
496,2022-09-02,55623,100,26
497,2022-09-03,55620,24,27
498,2022-09-04,55618,35,37
499,2022-09-05,55584,60,94
500,2022-09-06,55625,62,21
501,2022-09-07,55679,96,42
502,2022-09-08,55698,50,31
503,2022-09-09,55702,36,32
504,2022-09-10,55709,30,25
505,2022-09-11,55721,46,38
506,2022-09-12,55707,47,56
507,2022-09-13,55709,34,32
508,2022-09-14,55691,30,49
509,2022-09-15,55697,40,34
510,2022-09-16,55704,50,46
511,2022-09-17,55705,41,38
512,2022-09-18,55714,39,28
513,2022-09-19,55714,38,40
514,2022-09-20,55725,40,29
515,2022-09-21,55716,34,41
516,2022-09-22,55713,38,42
517,2022-09-23,55716,53,48
518,2022-09-24,56484,796,28
519,2022-09-25,56626,179,37
520,2022-09-26,56732,131,25
521,2022-09-27,56904,207,35
522,2022-09-28,56943,72,33
523,2022-09-29,56973,51,21
524,2022-09-30,56974,29,28
525,2022-10-01,56963,22,33
526,2022-10-02,56956,23,30
527,2022-10-03,56959,29,31
528,2022-10-04,56938,23,40
529,2022-10-05,56938,41,40
530,2022-10-06,56917,19,40
531,2022-10-07,56917,31,31
532,2022-10-08,56903,29,44
533,2022-10-09,56895,22,29
